1240,2773
2990,1063
1399,1404
0,427
1396,786
1398,395
199,1329
1217,781
2303,2186
732,41
660,1818
2721,1495
2091,2055
1616,1748
1970,1580
1574,2213
2172,1957
2746,374
2439,63
1657,2210
2953,653
310,2888
2184,106
2358,187
327,794
2835,2078
629,136
333,209
2763,2302
1539,23
2915,2021
736,908
2712,1791
2642,21
2969,2633
1177,2084
1225,1340
291,1828
1243,949
1650,2974
715,769
2714,835
59,1310
2897,2074
2125,251
1619,846
656,1621
2738,2516
2238,1209
733,224
318,1228
1970,1585
2299,2951
1931,767
1793,1839
1731,1302
2920,1424
644,732
2120,301
1107,1607
1403,1288
1587,2356
62,587
9,1547
2034,40
1235,1304
1617,899
466,2322
2118,713
365,2959
2713,34
820,2024
686,159
2228,2821
2440,2435
1728,1917
1039,1321
1819,822
2907,785
2997,2680
2143,624
1758,41
2315,2098
1855,904
512,155
2847,2923
678,658
1919,2044
2186,1231
2207,593
1719,307
1862,1370
773,2467
1613,1962
1184,1490
2597,1504
1713,7
847,2729
636,1930
2751,1641
1309,2898
1953,1419
2131,519
931,1743
2496,675
1023,1893
521,1400
1997,467
1015,1357
2700,73
675,1571
2646,540
2656,631
159,2228
1305,2149
2548,1152
2258,2819
1496,464
393,1209
110,176
1794,1355
2623,24
1804,2859
1096,1383
1271,816
1035,438
1626,680
2776,1735
1142,1015
2222,1500
2950,321
2451,1621
688,1593
1273,2689
308,2194
1848,2487
2322,2081
996,1539
2267,1777
352,913
1200,2735
89,2498
2555,2024
1587,1548
928,2567
596,2414
659,1150
567,159
1782,2754
532,1082
2870,1151
2628,558
2094,2644
1933,2319
2410,1516
975,657
229,2253
2719,449
1220,1774
2626,2978
999,1695
1623,1701
56,2063
2632,2240
161,2574
171,703
600,437
2620,1808
2326,1347
2944,890
2775,2752
1058,1677
1269,756
368,2634
2536,1845
445,2622
490,2600
2082,1526
1510,943
1276,1573
288,1722
893,1574
7,2723
2433,2162
2060,1075
20,1049
2042,1545
1841,533
935,2171
2339,1269
35,1059
1323,1078
2860,2270
850,2590
665,1352
108,1619
1921,1588
1612,2536
1786,959
1142,2787
2005,2891
2696,1353
504,2318
2359,2026
645,14
1344,622
1140,2391
1903,945
381,2111
231,1203
2691,2282
1793,1985
1364,2567
1245,848
125,2466
2245,1191
2928,1728
2638,2910
821,392
763,867
894,148
867,2444
561,291
998,1452
1557,201
2568,1328
1201,2010
2989,2783
2462,323
63,1853
464,939
956,1561
2393,1864
1249,1556
994,145
1287,1774
1238,631
407,1896
829,917
139,1375
73,1870
1479,2968
2807,1453
2292,1803
2733,2726
2811,1385
512,2227
864,1545
613,2722
326,167
2551,892
2760,2874
1431,698
2079,2772
2323,1444
1801,2937
269,2238
2507,305
2227,2391
1608,904
1150,2955
970,1556
162,2674
2073,1170
1280,1024
154,978
1059,2033
2209,488
279,734
1421,2547
1936,1140
2036,1521
407,2093
425,736
1529,1407
2578,858
1501,1084
923,448
1885,494
2575,102
690,977
2528,971
2609,1284
1825,343
1918,698
7,2146
2017,151
2141,2246
710,848
2100,1518
2476,2895
2073,1579
1871,1517
1065,644
2787,1545
2085,1544
2329,2743
706,1585
2692,921
813,793
2043,1027
2232,299
2289,2669
132,2355
2435,1422
2192,2096
2883,1439
206,635
2771,2708
481,710
1915,1146
2658,719
2393,889
1063,718
458,2741
1843,2577
901,118
2207,487
2048,787
586,2671
601,2417
295,2169
685,2066
1690,1745
878,2510
968,895
2509,379
864,110
1337,2643
1486,704
507,1093
1750,2982
2102,2868
2920,2967
2916,2658
786,481
1218,361
2972,902
2752,1756
329,1962
1602,858
2200,1900
2792,840
2711,50
1636,565
2129,732
1509,1513
1291,1198
1133,2874
1032,427
1319,1308
1964,514
323,1303
727,2018
2459,883
138,937
1151,1817
2515,1599
2101,1862
2786,26
2265,1074
2699,2186
1186,2227
641,2500
1034,1935
1896,1339
1066,40
1055,2402
2021,731
855,585
1513,2653
2451,2118
1241,532
505,419
1942,1119
2937,2325
1766,2319
1191,837
1398,2582
175,1797
262,652
2194,2279
751,2908
284,2087
133,1877
857,2319
727,836
1213,1036
2801,2394
1565,813
2894,2292
628,856
62,142
2510,2214
2591,479
1842,1910
509,2779
776,1089
983,2632
347,880
274,1127
2245,20
326,2528
2726,1650
2290,159
149,2020
22,2014
2190,1105
92,2217
4,655
461,2442
841,2459
2038,2400
1856,1640
2885,1138
2986,2400
2380,2785
2336,241
738,431
1139,392
2790,1985
234,1625
2469,133
1713,2
1207,1321
767,1493
114,876
2792,739
2908,2256
1057,2877
2726,2945
529,381
680,2939
691,665
964,1531
1786,644
58,778
2583,1412
2971,1590
2811,2906
1131,2838
188,1766
2443,2475
1059,2100
1800,2600
670,2397
1819,937
1544,25
2375,2093
2862,2406
892,1483
98,2914
1301,335
1543,269
2194,2369
458,1329
2532,747
1924,2309
1740,2379
1391,1481
2002,891
983,977
2318,988
2906,2607
2205,2688
1127,759
1387,997
1788,2492
2190,14
1835,2013
496,828
1409,1758
160,1944
1385,2032
1852,2686
475,540
588,736
75,1888
191,2874
1048,21
127,1399
1164,1216
2986,165
1663,1061
2336,296
2847,2199
2174,1674
722,492
697,270
1588,2271
2951,1167
941,1021
2230,716
2715,2978
2751,2999
1398,1707
2167,1392
74,1949
2404,230
2560,16
1710,2897
936,854
2748,376
109,2864
1535,53
1071,2005
2629,2108
1819,1496
600,1098
1062,1282
269,237
666,1935
1068,1525
1667,2922
1347,2329
2469,1594
2691,713
2077,2944
1271,2496
1955,1475
2261,2171
657,217
2615,1901
2421,2992
2943,2953
1057,2643
1231,2438
2887,59
221,1879
274,1320
2214,954
1735,202
1935,1304
2995,839
1138,1291
1598,1835
2930,2355
1630,1742
2554,2006
2637,2913
186,2841
344,1530
414,2172
1515,122
1411,739
303,512
1714,433
1910,2575
2615,1732
771,136
2965,331
2332,586
2023,1830
1839,2789
1025,1847
1053,1519
776,2224
692,365
1331,2447
1262,888
2768,2013
1601,2281
1817,2890
688,1949
1980,1142
517,1915
2036,2735
1385,1130
454,2637
2216,1053
1017,1417
1617,1718
2230,2006
519,2347
142,2896
2159,2664
1303,2633
1747,1705
605,992
1080,256
234,375
2957,2133
1170,399
2120,2481
2400,2560
492,2034
2526,48
446,1380
122,818
827,145
374,1115
1602,1160
2438,1230
766,2565
271,2271
2253,79
876,1549
2728,696
2721,2202
2506,2975
2531,231
1431,1488
1043,2963
100,928
2921,2024
1992,1994
2044,2109
2769,361
1499,972
636,602
542,2204
91,424
2972,1249
1228,2809
2124,362
2702,1067
1739,509
2254,2254
1608,1057
2810,222
1223,1310
2212,1309
2453,2137
1142,2189
337,2133
1996,1717
2863,1401
2960,592
1137,1785
2653,2580
2428,2675
884,1848
2794,548
295,1001
1670,1729
200,1820
704,83
773,637
1436,958
1499,2129
264,2672
723,2346
1875,766
2494,1841
367,2938
2897,2934
2556,2121
2094,359
252,2948
2139,843
224,97
794,1533
678,900
2070,1290
2702,637
2839,1092
2204,2369
52,1184
1993,1571
619,1809
729,118
2311,894
206,1679
1153,2195
2633,1580
2025,2672
2345,1398
165,2697
936,617
1366,2287
2790,1005
2073,2699
2673,2907
1638,925
2560,2082
1677,906
1698,886
2060,2111
2782,556
2389,882
923,1404
2184,1024
1446,2730
854,2540
1055,1000
1067,815
1857,1941
538,1729
76,1940
2175,1370
575,196
2371,1727
2709,2941
710,4
2062,2027
1212,303
1282,321
663,2232
124,2156
1886,481
219,526
2626,198
2433,1508
714,308
488,2841
1664,2925
2634,683
921,1847
1235,552
717,2329
1189,2707
2423,2074
681,1546
1293,1633
1312,131
2091,852
43,512
1530,1240
932,2782
998,1033
1730,1345
841,387
476,782
352,670
671,1136
50,2558
1929,1378
2321,1271
1939,496
1352,1330
2534,1439
886,1490
2074,1568
2025,2045
1329,2001
1696,2527
2374,1236
9,900
1941,1386
244,1406
2661,2338
258,648
1257,1122
2074,1130
1727,2090
333,941
256,193
2003,2423
137,337
404,2578
1049,982
743,2541
1627,364
2701,2906
573,1620
1764,229
1328,97
1814,1182
230,2385
2700,2318
2529,2301
2302,2542
2854,2580
152,1343
2129,2468
2858,450
484,1974
518,2986
1420,74
2281,2369
2635,1002
59,2586
1038,2355
2532,1968
1589,1729
2115,1572
969,847
1238,2026
2139,2308
2225,2968
583,2787
862,495
2887,455
2865,897
2323,2543
2080,2058
1141,2858
1122,2991
1018,750
2804,281
895,2660
2801,412
1722,373
822,1592
130,2773
1261,2563
237,2388
802,2511
1213,1134
2349,1343
1198,1430
1291,2890
202,986
1076,1031
1580,1042
1351,81
476,792
2710,2277
306,2683
275,847
2770,38
1793,610
2691,2527
2546,2943
2438,382
2022,2204
2554,745
911,217
1726,2727
2884,292
1389,1804
1319,2444
1683,63
2281,1727
1693,672
2606,1719
1024,1232
2671,2981
504,444
2042,1020
542,2957
1321,1855
523,179
2448,467
539,2036
2586,996
2496,395
455,2246
852,2503
2074,1673
1445,1295
1009,1524
2120,2228
1387,2563
38,2212
16,2832
1677,1074
1574,1292
1447,2076
471,2712
2954,734
720,548
429,1961
2843,241
592,2975
514,877
2863,1852
2765,2327
150,2307
300,1122
1552,1669
1939,2903
1430,637
974,1973
1394,1330
1268,170
1934,2966
2098,2890
1114,1083
1812,2077
1307,1842
1108,2402
2292,861
2908,1769
1059,2151
662,256
2048,21
2942,2637
190,2578
2423,552
331,1518
971,173
691,2307
461,26
2519,857
1870,2356
464,73
1247,1185
1791,1467
1993,1164
743,1812
2977,204
1003,866
1092,705
228,929
2825,1103
1422,408
1356,2098
750,874
2907,2271
984,253
449,1471
1847,2868
2362,977
1402,1670
1975,1719
1573,216
381,2256
572,166
2919,2837
344,139
2555,1738
2240,1371
492,1087
2522,716
1622,1000
658,2242
792,1101
212,774
2555,1104
2175,2635
1035,2042
2006,648
2043,1165
472,2229
1837,875
1847,720
1204,1027
205,2651
432,2867
2659,344
2816,922
1371,2906
238,591
58,2920
944,988
2130,11
2167,1731
2535,1113
2990,1389
1047,2888
2712,1678
1788,1362
1497,245
2153,860
2292,317
294,1930
460,771
2163,1036
1616,1790
898,1289
371,961
215,2019
1143,2159
1908,2772
1972,1386
1159,1482
662,2116
2743,1865
1872,283
2917,933
2439,1972
2886,491
2400,2671
256,2573
2189,1754
263,2177
2421,806
626,2418
1437,1017
26,646
478,975
2396,2980
1778,394
269,1702
1063,331
1015,2942
2469,788
1166,2267
75,792
2649,1665
1201,2381
2370,2482
1945,1032
658,2509
2657,704
1983,2617
699,1850
2801,1369
1482,1585
2127,2190
1681,662
1660,2465
2000,1832
2904,1371
2822,2908
1031,2166
2862,76
2723,1603
2388,178
1146,1125
754,2144
863,2392
1872,1942
534,2520
2074,813
2682,2133
1927,2254
1097,2620
90,2498
743,159
1505,1499
772,108
1129,817
216,2718
1580,2633
2783,2477
39,27
1586,26
2133,997
680,2803
2065,2231
757,2248
1342,577
2537,896
415,750
1305,1733
130,19
932,1858
2958,423
175,985
1643,765
1699,840
8,2193
836,2325
2045,704
2477,1117
587,961
520,261
1886,1185
2804,1003
2664,2925
840,1236
1152,2412
607,2943
1816,1217
1006,264
43,2742
1335,1634
1989,505
1126,1039
2839,707
2249,521
1159,46
2607,2956
2308,778
2559,2553
2244,1894
2211,1871
2315,269
1777,227
195,434
2823,197
1630,1687
2615,1333
514,1953
1224,2323
2160,34
466,460
1107,189
2156,2731
617,2614
2560,2094
2987,2723
790,2253
2112,2344
976,2352
1129,964
1180,1786
1511,2009
2981,240
2586,1370
886,2959
1191,2601
1905,1908
907,2258
733,414
2007,990
743,2110
1475,1785
759,291
505,2702
1120,297
735,2343
1886,2304
1886,231
719,684
1949,456
2610,1176
2403,463
1434,1241
202,376
2284,1678
2431,2116
1242,1460
804,1587
364,2214
1150,533
2014,2493
726,307
947,770
2580,2343
2597,1323
974,1109
1426,342
1935,618
2397,578
645,250
235,458
88,2440
200,743
2734,867
1450,1274
1808,513
1727,1023
646,2045
2851,154
878,2801
71,108
151,1068
2937,263
260,939
1161,443
444,95
628,2047
1482,535
898,1384
1686,2994
1258,107
2570,2504
707,2722
488,2742
616,2478
2849,2572
2128,1565
1924,2671
2320,502
2988,2767
2588,2825
2441,1189
1365,924
586,1203
1668,628
1939,348
2463,2134
2824,23
2491,1769
1925,2721
837,2879
2504,1818
17,1992
1100,98
2379,288
2005,847
2061,2858
1319,1171
999,172
943,973
2443,23
2231,1363
2617,2791
2788,2004
1167,2242
412,903
2005,2033
932,1769
827,1889
2791,1205
2513,142
226,1528
1457,1844
1484,1477
1864,724
764,808
222,1601
2484,293
1695,1736
281,753
957,2315
1306,2706
1101,2162
1267,2274
898,263
2088,1649
70,608
1838,795
2744,924
2848,1409
1542,578
1816,2172
671,1095
2468,1256
889,2345
2550,1514
1414,2013
1085,612
1433,1457
2570,2057
336,1572
1418,638
228,1089
2800,2129
985,1429
2760,1271
1063,463
2327,870
799,856
69,2199
1192,2712
439,1744
1006,713
1683,2676
89,870
2732,315
443,2645
103,1275
2125,2709
1196,1866
2688,670
124,2093
908,885
740,671
2788,2865
1431,2303
575,2438
865,2325
95,2468
532,2071
1019,1528
1646,2735
1104,475
751,2140
842,1886
1369,786
1435,676
42,1655
848,762
138,1568
2805,1731
986,1377
1919,2049
2339,2266
192,49
191,2140
1984,826
1650,1165
1048,265
1898,2259
1291,1756
2655,2571
2824,1072
527,1169
2295,1779
1940,1785
1709,446
712,2206
1944,800
1311,316
2412,101
647,2108
2278,1913
514,2910
114,601
625,2805
2380,71
345,1838
1115,311
1069,429
777,2568
1061,857
1210,2083
2011,2753
2894,2457
433,1494
958,2453
2935,963
1514,198
723,1639
2139,153
472,742
2424,2267
820,2154
2009,2720
577,773
296,2079
2164,1370
404,1303
1575,639
1948,2720
909,269
1071,818
2860,827
1515,2548
1445,2006
2946,205
1808,255
1358,2140
702,2015
1578,1150
2106,387
1452,1664
2451,1024
2311,1911
1421,2538
283,1857
1377,2319
2626,2661
2438,578
292,2134
2994,2133
1385,262
2609,358
527,517
17,516
879,781
1003,1859
759,69
2743,1042
2127,758
912,411
519,2259
2021,329
1179,296
1960,2034
1845,1728
1211,1934
2869,1502
368,236
1442,624
2041,493
1523,2582
513,1824
442,1230
481,183
2496,789
1156,1068
1914,2269
708,2190
523,2167
1135,2769
644,2875
1271,2792
897,1968
597,747
1459,2914
1673,2723
2927,2493
2362,1544
1409,466
65,161
993,2854
2141,2632
739,33
245,812
1722,993
1916,1272
1541,2439
167,1344
1018,1169
1534,744
1493,2531
1380,1164
2541,902
2738,540
1234,1543
550,2085
405,1652
245,1437
1370,1024
2468,136
2890,396
2860,2440
2706,858
627,1363
2768,2186
1099,1478
2414,709
1889,299
1195,1113
1692,2852
229,1577
1562,1871
12,732
2286,2292
1716,518
865,2142
2676,2072
1299,898
853,2772
2262,2837
2352,1641
1241,1341
2944,157
330,2272
1812,2391
2246,588
2713,1135
227,1623
2576,1473
1477,1705
1788,591
2386,1431
2019,2167
1403,2816
1757,2517
2674,1640
1701,31
2834,1866
450,810
1378,2525
187,515
866,59
307,165
2724,1364
228,2801
2339,1162
1851,897
615,1227
1433,1601
2253,409
64,753
601,102
2845,1167
1524,970
778,508
2322,22
1622,851
312,339
1642,918
2079,660
2082,890
2641,653
1480,603
1915,1275
2230,87
914,401
774,1991
2534,610
1236,1283
2225,453
1368,197
2244,2839
1748,2710
2471,2478
2156,1932
1182,1699
2618,2940
289,398
2792,1439
790,2941
2042,332
554,2147
2477,66
1854,2679
1277,425
867,501
2974,744
212,1430
2176,678
163,1958
922,1849
661,2125
2732,537
2612,1450
1152,2812
1176,2983
565,2225
2165,483
1795,2211
2582,2170
2823,1236
1402,1170
1182,1440
2136,320
1454,200
1051,430
118,1992
2836,1112
1338,917
1047,2525
1189,1471
1355,2523
1752,1813
1501,591
2416,24
2966,2171
1997,1118
444,2298
352,1017
1860,2170
739,1461
1053,2804
2870,355
1122,202
2317,915
21,1585
2639,2221
1980,1579
2075,817
2858,38
1895,2222
2758,115
946,2476
381,2931
1143,2443
123,474
2304,781
2101,2575
673,901
2833,783
2492,2880
420,1111
2191,1341
493,1993
155,1909
526,449
1286,29
2646,1792
190,2717
381,1036
2029,2451
2161,1131
905,1804
1291,601
1957,1016
1813,381
1678,575
923,537
1497,2968
2914,1223
2112,1967
663,1340
2360,836
1362,2580
463,906
2971,1941
2819,1197
2855,304
2544,1357
1204,2002
1480,2134
2249,2794
921,925
1210,790
1892,1627
146,366
206,1459
923,2369
2019,1947
1617,1153
91,1162
2032,1138
2758,54
1188,1852
1674,587
388,84
1706,2739
1103,1624
557,878
2142,2964
1887,2969
604,1077
847,1454
88,2369
413,1197
698,477
1800,1141
2227,24
375,2097
638,274
1139,2471
1766,2786
700,33
1407,2338
1082,2186
2829,494
238,128
1601,2254
2007,1711
299,2081
1311,2296
1918,1452
1923,1782
2670,1760
1561,1233
254,2903
330,2677
551,2155
1325,2687
180,1185
1231,1205
1600,480
627,2797
2872,344
1893,2062
677,130
2388,80
172,1396
1189,2319
122,2325
412,830
1191,514
1321,1132
2053,1933
1925,2280
338,694
1413,1071
1816,2721
2625,94
1000,1273
2578,2098
2422,2261
2219,499
818,88
1233,738
2070,1177
1093,2109
307,2224
2504,2555
501,327
2096,306
114,1663
1407,2745
1039,2219
426,363
290,2262
775,1334
1652,2599
2847,2249
1141,1059
670,1518
1006,26
1186,1325
2184,131
2745,1081
1763,36
1885,1429
1355,648
788,442
1807,2454
749,258
1533,1241
2928,2340
225,1007
2349,718
1165,2163
239,2680
1849,2044
585,1862
706,2478
1483,1792
2975,1390
1109,1806
1762,2797
2043,1198
2390,2855
2157,2127
2832,373
291,211
2569,1943
1827,1912
670,2908
2448,2598
1283,2226
1666,1885
266,111
2842,2551
1688,1753
1212,240
371,672
1337,1034
2485,989
597,1312
2687,2519
576,271
1949,648
1066,686
1215,2933
1108,1562
224,404
2318,1158
687,2859
1907,2114
2554,2526
405,27
372,680
1950,2206
2061,342
246,1182
964,1198
2190,930
474,1432
1833,620
1437,1268
406,459
1317,1684
903,582
2232,844
1300,1302
1391,2778
1610,2898
2780,446
2306,2292
2308,2458
1718,773
970,678
571,873
80,597
744,1169
2555,2499
119,604
898,1223
1873,2532
2069,1853
2491,2774
2199,275
2667,134
1821,1665
1065,336
1117,437
2824,271
2041,1238
770,1142
806,308
23,1302
13,2684
2376,396
1781,805
208,2349
1825,2507
2049,1112
1319,2291
1020,24
514,21
460,318
1451,2573
2345,2178
1394,1179
1449,2847
1682,878
2342,1912
2988,2564
783,1225
933,1254
914,2925
2618,2001
1068,2726
47,1850
1672,1970
2971,2137
134,357
1030,416
1812,1665
338,588
631,2790
501,2233
178,1191
2456,2458
2490,2838
34,664
1585,2280
1899,2010
1245,1196
2470,2757
2254,851
1276,464
1691,1657
2602,1397
2561,1807
269,1937
2109,1708
2925,2758
1117,2136
1230,2607
2272,1837
2898,1237
494,1998
1390,1434
811,1176
2541,2575
1581,1660
1768,841
1213,2232
2617,553
865,2375
1917,666
2621,1470
683,1460
1656,2382
1753,1642
2290,2349
2229,395
1590,1574
1815,2579
2985,2778
1977,2679
2200,592
2191,995
966,982
2932,1834
288,1135
1727,462
1457,288
390,1474
2994,1889
1527,2888
2247,1300
2272,1638
2998,61
333,1110
548,369
2412,1211
1263,1358
2308,2625
242,2342
1377,1942
1386,2231
2304,1727
1245,883
2281,1034
776,1311
545,268
2160,2082
891,454
558,713
428,233
1560,1772
1515,285
1285,1233
1508,761
246,1348
162,908
1130,2416
1221,1331
2014,1772
1991,183
505,2957
573,1499
2212,2078
528,2426
2741,2147
2663,2330
1179,2970
1318,1722
1749,2903
630,329
1279,1793
929,2054
1878,1038
202,2736
2410,2646
390,1548
1094,2522
400,1546
602,1344
1009,1168
1457,1654
290,586
859,755
798,2464
2368,2511
1335,1495
325,1818
2607,2225
432,654
427,939
1187,768
892,1793
210,2665
1761,1912
1991,1952
59,1726
151,421
2655,2811
863,456
2056,520
1808,2355
572,877
1351,2626
1814,1544
2391,367
1956,2178
2660,2175
2555,1813
1761,778
2992,366
875,1378
1343,322
2974,1951
508,2422
1300,2873
94,2654
2449,840
2845,2789
656,1163
2119,923
1667,1985
160,2020
546,372
2021,2929
2570,1617
1769,2886
2510,2359
2003,146
2601,1036
1391,1897
2735,2284
2076,1653
1378,947
2024,426
1024,970
2537,261
2469,1797
2650,1835
734,2827
385,2065
1842,1706
1492,1841
881,1547
321,1815
340,2564
1556,493
1694,42
631,448
2595,1032
797,1748
2613,2525
2757,1181
2325,1729
2582,381
2608,2746
1568,1705
2905,876
27,1138
962,714
701,167
1992,2619
578,2089
1481,2614
1878,38
940,1603
2611,1523
1319,2706
1038,110
2031,1028
1577,2718
2214,443
2261,646
2649,339
2736,1914
2290,330
313,1392
1274,1932
1293,4
85,475
146,1538
353,664
1669,957
1361,1696
192,2007
2716,1552
608,423
606,1688
689,2007
2388,2359
1533,1331
1926,773
678,1679
2932,1785
357,2894
1849,1995
25,2117
1963,936
2183,754
1500,2320
2703,2018
265,2920
274,1787
2848,2001
2242,704
1220,1542
811,2152
764,2374
463,51
1494,2671
288,1178
1666,186
2940,53
1504,2383
71,2154
1515,46
341,655
149,1269
2519,360
649,2544
2291,2060
2739,638
2876,1056
1218,424
2889,263
44,547
1874,106
1647,32
787,1972
2652,2369
962,2941
927,391
1422,2532
756,1267
2136,1289
856,308
2700,1863
969,423
300,1471
2957,2846
603,1650
921,1963
1902,926
391,1404
290,2333
609,872
959,108
584,1850
2220,357
1876,1067
2291,1001
1589,2784
2828,936
2535,2119
157,764
177,2822
1715,923
2469,2593
1,2976
1406,2055
1906,522
1930,2817
895,822
1094,726
1760,1504
2730,1789
2265,1678
668,2338
978,2462
1848,1251
727,2786
703,696
557,1202
2665,393
944,2392
2359,713
2653,788
1152,2109
1655,2017
775,2640
2318,961
2103,1994
209,2642
2217,960
2052,2211
989,1677
738,434
538,1818
827,1591
1473,327
1108,225
2867,481
2574,2197
2548,2841
1042,2338
1741,155
2725,165
2321,2773
1623,2038
1083,2970
851,2643
2914,689
2627,1689
1910,902
2524,2975
208,1729
1662,252
620,478
900,928
888,2561
954,154
2746,2260
215,2809
1896,2822
2784,1958
223,141
1969,2956
2460,966
2027,872
846,346
900,472
547,2044
2740,2592
2068,2942
2730,2055
1717,2100
2313,359
1553,936
2872,2100
897,1271
1109,547
2906,2361
1829,2084
1172,1272
1911,1752
182,2927
446,1171
1826,2330
2449,1938
2122,2561
1963,1748
2747,1479
174,1705
1430,960
2665,230
396,158
306,165
1462,2908
1641,2684
613,390
1393,2423
1451,2618
1670,841
1644,2882
2733,2520
2869,337
1251,924
4,2102
2165,196
1366,357
40,1005
2901,702
2399,2309
2303,34
1141,1353
101,569
2993,1566
2627,891
835,2736
2933,2700
2377,247
1621,839
1945,245
572,405
604,1976
1088,927
2692,2232
216,2209
363,1555
550,1508
1320,339
1783,331
2969,1105
1408,420
2529,759
1825,557
1810,2721
2874,292
2899,1472
2182,1400
137,1042
299,16
2369,1285
1842,638
486,2110
576,2891
484,1194
1932,82
1886,2069
2361,2281
546,382
391,890
38,582
864,2037
2276,1487
2001,2150
1298,1931
2400,10
1559,2503
201,403
2578,2959
1824,1196
2299,1107
2626,11
22,2428
690,943
2434,1154
2784,480
2798,1085
2982,1447
1611,2357
2732,2302
312,1675
1625,1866
552,595
2300,777
2464,2016
2852,2029
2932,1507
179,707
2152,1804
1057,1228
133,603
653,2530
2485,2635
1875,2830
2860,1934
179,766
888,447
886,2668
1141,2009
2622,1440
1509,464
1473,2815
2318,1153
815,2133
1384,2184
322,2953
1585,885
2051,1378
2339,810
2353,1038
1986,2305
722,1357
2715,2809
2480,681
718,2508
2885,2876
199,2583
1895,1538
920,2832
675,937
1044,2346
390,297
1053,1932
912,2666
1187,16
1808,1049
1754,1171
294,1302
529,1542
657,662
1591,2089
484,398
2607,1089
623,2419
2903,903
2170,2705
2022,2448
469,1353
297,161
1478,1983
2847,1423
1091,371
1936,698
118,289
1848,1774
1345,2866
1203,174
197,286
2600,493
2283,914
2978,1227
721,1695
1192,326
1358,1032
1200,566
1047,2419
1420,1535
530,1752
2017,357
496,1819
1128,465
866,2898
1875,107
648,1787
173,1389
2889,1164
457,1524
2460,2521
2530,2010
842,749
2357,358
1043,1021
925,424
2410,1351
2610,1513
1637,1018
354,2798
2238,90
2451,31
1086,108
2425,1960
1308,2148
2631,560
683,1210
2729,1665
2833,2134
2068,2147
1781,1718
1344,1920
944,2936
1575,1947
2810,372
890,451
1080,439
1470,11
1821,469
190,2286
1574,2393
1379,527
1075,2304
116,1816
2945,1502
444,784
715,449
2566,2489
2498,2578
189,2385
1306,949
1629,813
1860,1063
1150,67
2731,398
2696,2109
2066,2014
5,294
1676,2104
2355,514
1145,2543
2774,1063
192,1977
1330,768
429,2172
1266,111
1666,1358
2398,2679
1579,0
763,1455
468,1326
1476,2436
265,213
2151,2961
997,518
584,2778
2621,1841
2820,2237
1615,2123
2244,2713
1869,1733
2784,61
39,1231
1537,2495
647,1633
1882,696
1,328
265,316
784,2312
1031,1428
1172,763
2264,530
2653,204
1365,1842
59,64
444,2057
2441,1088
67,742
672,1559
1035,384
2603,1612
921,387
1411,2022
422,1050
1977,2852
2153,1829
2841,1566
1453,1836
1249,2742
2389,1127
2634,1378
420,2298
1609,1722
220,541
1523,1058
1003,2794
319,873
1691,587
1602,1298
278,2541
1454,118
1314,27
1185,2502
187,554
2791,491
1233,2739
2668,2911
809,652
407,2175
1780,233
279,1937
2508,66
1024,1165
2160,570
2946,1894
1806,2045
2806,851
1953,2153
537,680
1136,2344
648,461
692,2925
668,966
507,878
510,426
1929,683
2996,1358
618,2612
2692,2056
1591,2361
1282,826
1012,1230
1190,321
2197,225
1916,1798
1938,481
1519,2476
2919,1414
2236,758
1974,494
1634,2646
910,1315
1679,100
150,2817
1080,2629
866,1012
121,494
1930,1078
1357,1666
1892,642
1340,18
2722,534
2834,1409
2355,2133
2575,1984
2428,705
2250,2310
1497,1767
2927,2978
2570,2498
2091,1192
2867,1059
2628,1507
1516,43
2164,2634
195,2990
2124,1260
2954,2229
1826,959
2127,197
561,2951
1185,1153
1106,1681
386,1392
2139,1019
594,732
1157,2269
329,2859
2199,602
2407,264
2108,86
2971,2516
1879,2290
2389,2876
1292,19
2539,716
1475,1830
2277,1722
432,448
1609,964
2372,2280
2716,143
1049,574
689,2887
2161,1612
2775,459
119,242
477,2304
2536,703
2188,937
1366,394
1054,1610
2153,1482
2962,937
1063,547
149,1311
312,1490
223,2607
919,2870
2195,2387
2378,559
271,862
1033,902
1527,1116
819,1079
616,690
2002,1674
2452,1204
2723,1876
497,2373
1718,1502
1666,243
2856,1503
2006,2037
674,2610
1888,2969
750,1628
130,2033
554,1177
160,666
2519,901
136,427
2668,2410
242,1216
2405,820
196,888
1466,940
707,669
1381,2551
1272,61
155,2657
420,906
1827,2857
2532,125
1105,2983
511,2507
574,2285
2479,1563
1727,2038
2022,1883
2100,1053
574,1229
1915,543
1525,2454
742,2288
2386,477
1342,311
1467,361
1762,2526
1316,290
2189,995
2363,2020
756,1324
2442,2771
1752,1508
1031,2622
2066,1763
2023,1250
2939,998
2536,1196
1813,614
877,2298
2063,2539
960,1280
1211,1299
2218,1025
372,1597
957,1889
1202,2074
2633,1891
311,414
1618,2386
784,1344
1129,1133
586,1007
734,75
1425,2569
601,2079
109,2949
1965,1850
1147,2620
2259,2803
1831,74
1374,2911
2430,818
859,2436
2957,483
314,1655
826,1662
2695,310
2900,2254
2096,1966
517,786
2791,1864
76,2255
2160,2553
2415,1308
2757,1946
1699,1180
586,2400
1431,66
1415,2210
2236,1579
2153,2981
1113,2571
1546,2041
27,1957
889,1466
1479,2366
918,2158
2561,2550
1026,2812
318,2252
536,1562
2848,711
948,2703
2526,260
2035,499
1377,1864
2857,714
1404,451
1452,2229
2387,1109
122,2882
962,2981
2015,323
1613,310
44,15
1830,564
825,895
1152,1258
574,197
1047,1747
1071,1426
1011,2229
1284,1575
2297,1777
1363,2542
220,2436
27,2707
279,1688
1413,920
2483,835
2967,506
2582,1942
128,0
1652,601
1737,2260
1391,686
1016,1997
2924,1343
2663,2176
2900,302
277,2473
2050,2750
105,1133
1441,1766
1013,965
74,197
220,2146
2428,2438
426,32
1789,2523
2140,1003
2704,1042
2648,2580
1898,637
885,2117
1836,1140
336,2298
1507,587
2619,348
1511,144
420,1460
1878,2441
1795,1627
2802,2683
1151,1948
2826,278
1924,2915
545,297
198,2093
962,699
46,2809
2660,216
817,2503
706,1846
2335,1522
1798,2497
29,413
687,1844
796,1016
2763,414
230,1468
2084,690
1908,2798
1685,1553
2605,1840
516,1090
433,1097
484,1428
2552,412
2984,38
2991,1999
1332,2814
522,326
1970,2664
70,2489
857,2734
2952,2503
914,309
197,2621
594,2372
285,2187
1170,2777
1844,1179
783,1670
1534,475
2626,1992
681,107
367,2977
2934,2911
2176,2229
1787,128
2512,2927
1787,1263
2737,850
1131,1219
777,2788
162,1940
1319,96
363,549
63,140
675,1071
1635,531
2722,889
2373,1665
1831,1709
1866,704
2949,834
2713,890
1090,1837
1497,1259
1500,640
925,247
230,2782
2947,1593
1198,954
2817,2512
525,804
665,2135
885,432
2251,2096
1069,2509
127,1927
303,457
96,1785
2363,938
1660,617
2307,2986
1504,57
1875,943
1297,616
2787,412
1997,1854
666,529
195,387
2053,590
1928,7
446,1305
1156,683
2536,753
2875,1165
2356,834
1941,1207
289,863
1209,1692
1120,2650
786,1584
154,1692
894,2815
1577,66
2255,1243
669,2740
2381,1001
2709,1007
2790,1104
2227,361
2612,971
2104,817
2179,1593
2458,591
1689,1644
1287,1949
2590,2424
116,90
687,2355
2375,792
2839,177
1578,245
2810,577
1269,1174
1527,1452
549,1262
2105,829
1430,1174
2001,2278
1890,1413
1091,2534
645,648
2739,1380
2968,591
14,2299
861,512
2572,2825
582,1817
2481,2964
1226,1254
2099,65
686,2672
2594,1759
1291,1
1331,131
708,2226
2590,2305
2940,2142
2649,1902
770,2143
257,2556
2483,1367
954,175
976,2424
2882,2957
713,2663
10,2871
2466,66
1566,1612
1783,2898
2310,470
2312,2099
13,2217
749,952
811,2280
1260,159
818,1972
251,1041
9,2001
2140,811
782,1253
2364,528
721,1735
317,3
923,1882
741,323
533,1210
2751,2247
547,1007
2365,546
1704,432
2348,2743
956,2356
1271,2135
1083,135
1126,1599
1152,2815
718,2538
1655,33
1786,416
2028,494
2489,2048
252,1137
894,108
1008,1925
1093,2741
2459,1122
2175,215
448,939
156,635
2627,1959
1036,1337
921,1809
96,1040
2713,278
2786,583
287,525
76,987
74,2948
514,2694
1203,1354
1359,2980
2753,39
2331,2780
1339,862
593,1236
1578,2721
1590,2212
1064,317
2503,78
600,1089
1061,1122
2572,592
851,2457
622,2536
78,17
20,1899
2041,2831
1423,2503
1056,1143
1521,736
2187,2351
2445,2205
1918,799
1714,813
2933,26
1696,1241
618,2204
500,2625
1011,580
426,2065
811,2457
1381,2776
919,1504
1498,645
2849,1475
255,1817
1741,1835
17,2358
1184,1021
2046,2590
1918,72
2219,145
2768,2541
2642,1864
2101,2405
2001,2789
915,2417
2854,1486
2175,1473
1016,1179
1468,2120
2735,2384
1068,1727
126,1829
2789,111
1771,1293
2746,328
42,981
2265,2454
749,1005
2820,1966
2082,2231
1853,804
733,593
1238,1453
940,155
2354,2569
953,2326
2561,69
1804,2838
2726,1723
629,2068
2190,208
2494,2351
1279,342
1687,846
2767,2659
2304,1852
2243,2645
1674,2475
2028,1526
2936,2851
1131,1714
1975,583
2173,214
1710,2019
2069,1326
1963,848
2950,1209
442,2847
1536,1612
1797,2922
498,1389
470,1197
1346,2709
364,2824
2008,921
2716,451
1492,859
1717,610
742,747
2781,2329
1950,288
1665,2837
1804,371
333,2601
2405,809
1594,840
2477,678
885,2932
2178,303
2180,1835
2174,2210
146,1932
2877,589
1654,657
1148,2773
2560,210
2209,103
1528,2515
2606,212
2836,1337
1755,826
2259,749
2583,620
1674,974
1581,606
805,1215
1912,1101
2723,2154
1573,1986
183,177
1969,2034
2034,812
475,1743
2559,1782
2372,379
1755,190
2301,2875
835,2816
1210,2877
2600,2854
2110,443
2317,114
2942,1414
2775,2595
1946,1527
994,2408
1915,1089
2484,2757
1348,1302
2438,1509
1949,1878
1775,253
665,1287
1675,80
1943,2312
2579,2025
445,2225
190,301
773,2423
1059,1636
1295,615
43,2114
2758,2993
228,2537
1701,306
2760,1194
520,1787
77,465
179,2893
1339,2535
2564,2271
1248,1923
1728,89
191,4
388,113
1899,275
2272,1498
1558,1650
1677,1407
469,2115
1280,369
1012,2070
1528,1366
587,1646
419,360
428,1306
829,1655
414,814
1086,1796
1360,2885
700,482
1579,2600
2832,2074
1278,1287
1515,1984
1750,1866
1343,189
2517,110
276,2107
1009,159
305,1671
239,2983
2232,989
2784,857
184,1320
381,2109
58,1426
1739,41
553,921
430,1866
2797,2898
203,669
627,1494
2481,2921
2417,782
770,705
2714,986
727,240
1970,1769
892,2335
1297,1921
2916,2529
715,1742
2663,356
1925,736
2083,860
336,2196
2792,1582
223,653
2952,1333
212,2932
835,1637
1794,605
2435,736
2035,1352
2477,2978
1490,699
1637,2332
2764,1485
2301,1593
1332,755
2525,2049
2954,287
2924,1561
2853,1674
1636,331
1182,1619
1886,2481
2083,1885
2232,1470
1872,737
2281,634
166,2251
1702,649
2320,934
1473,841
2438,2463
219,474
1451,1034
515,1914
2139,2008
2520,2635
1581,2597
113,2904
150,1142
874,413
1473,358
1693,2886
2068,2645
2300,778
2020,2460
288,350
1348,953
1969,733
1373,2207
1013,166
773,317
775,564
1097,670
765,2250
2879,2569
1975,1307
1674,2017
1732,3
2420,71
735,1444
1919,2380
2055,2101
2489,858
1900,2555
914,179
596,1576
2960,174
2920,699
494,929
2677,1871
2532,2078
872,507
993,1067
456,657
1711,2024
1199,841
1366,740
1533,2569
1760,1097
2731,1769
207,67
2980,888
768,1627
2776,1538
1408,19
2985,1342
2275,111
2367,1541
157,1877
1017,2091
1064,1342
408,1025
2747,2653
2405,2648
1094,1063
2310,411
2732,1411
2666,1135
2903,599
2425,1094
482,1302
570,2112
147,748
2369,1666
2422,2085
2884,2220
1982,2777
2410,1166
2940,1570
1624,1953
513,2708
1721,2993
1465,412
1678,2958
2649,634
53,2906
2667,1705
386,709
2620,106
932,1246
1305,1495
1283,1485
2179,1268
1048,145
618,2622
1535,1518
1151,521
571,122
2625,2902
309,934
1607,1993
1773,2428
299,2550
1141,299
2574,2830
1200,398
2828,2961
1341,2949
2927,1245
2163,1023
820,2810
609,833
1615,898
1176,2971
422,61
2324,1039
343,2931
1914,2124
2636,2641
68,1398
1563,2690
2936,2232
1884,1409
158,476
1655,2511
2657,2424
412,1714
587,2825
2243,351
2952,1731
2172,1553
1689,871
2978,1232
2508,1254
1732,1078
645,1576
1070,976
498,1059
988,2571
717,2373
2041,445
2858,2092
834,826
1520,2243
560,1954
1635,28
1437,2663
1949,252
1749,1965
526,1600
2998,2280
1018,1067
385,424
1908,37
2590,480
1796,1189
654,2480
1314,693
742,1895
2636,1204
2810,2611
2903,773
2021,1306
2918,853
317,2644
1016,987
667,2408
2001,1601
2413,459
2034,1833
2814,150
802,2484
2031,1076
2990,1979
1392,1316
552,2533
392,2669
1199,2131
1243,1313
1476,448
42,2554
2251,2872
662,94
827,1006
2730,700
2919,106
1343,2763
361,2168
2439,2665
2215,275
841,86
1294,1413
2329,2695
2340,2754
2070,1805
1318,198
816,1219
2791,2573
772,1273
10,118
538,1109
1783,2772
217,1897
2430,1963
1619,1679
605,2974
1123,1439
232,242
1746,992
77,773
1103,232
2293,63
2344,1182
351,2022
935,1348
1610,1733
1120,2379
2120,2387
2392,714
1536,1104
566,2270
1343,2622
1449,2145
1104,576
2314,948
2078,2220
1083,2585
196,2490
2008,633
1056,2545
2972,549
2361,114
1856,1921
1173,353
594,1230
624,1474
1474,2150
858,2240
1496,2717
499,2994
1117,32
1873,638
2597,1541
603,655
2003,160
1209,2009
1345,2999
1717,1986
2307,1370
2070,632
1686,1770
1796,1701
2397,734
2811,1563
347,2152
2373,2707
1165,2132
1751,2991
1342,173
2927,233
2142,1687
2815,1032
94,2438
998,380
1954,638
1015,423
1746,1447
2975,2944
1850,257
651,941
2659,911
2801,425
2926,543
2389,2627
1300,2831
237,1998
1775,682
2610,1964
2068,454
2294,1642
1878,669
2527,1502
557,2810
697,2984
2163,877
317,2532
2659,2157
1818,1502
1734,2266
1340,145
583,2659
2479,388
187,2934
705,508
1012,682
1345,2241
2047,1036
2510,1843
1291,1295
885,2010
912,1501
674,2271
1284,1217
1125,1340
311,121
2241,262
2530,616
2213,2937
2339,349
2104,2255
464,1033
203,2497
488,1132
2248,2094
2002,145
1662,892
1081,1551
1986,562
2594,531
2769,2162
1745,2121
2011,1741
2940,878
2710,2744
578,966
957,1336
2536,946
2578,2331
1256,24
781,347
2376,2388
1456,1887
1225,1506
1998,437
714,2448
1972,328
2663,1179
2686,1796
348,2095
2146,2292
2207,1052
2215,1683
73,435
309,1179
608,2736
1488,1271
2150,1928
2959,664
460,1564
2130,316
2575,1695
2459,2232
2249,2585
1298,1366
2264,2505
1274,2765
2934,2284
2538,873
932,2609
366,2094
2368,1019
2569,750
2919,164
2343,1166
2763,550
3,477
761,2104
432,1361
686,1592
1526,394
2708,1807
1324,2753
2467,1616
1491,2162
572,1058
2125,299
2109,2838
2345,2423
2435,880
632,2762
1023,2469
2198,1341
1531,1351
867,2621
2959,2093
2348,203
1840,1338
1726,697
1734,471
1742,92
778,2867
326,1560
1857,921
2672,73
403,1167
12,2010
1207,604
651,113
1411,1064
2995,1998
967,1725
898,1579
1834,807
908,827
2584,2602
497,449
2750,2249
1624,2
206,402
1923,1644
750,233
1522,2500
1328,2577
865,2041
2921,2363
1737,1572
2613,2968
1089,1986
441,2118
335,502
2939,2709
352,833
2851,366
1897,160
730,25
631,2337
1694,2014
162,2940
1950,1943
1413,2310
2241,273
1815,2604
2708,1276
411,1211
2198,2790
1537,1283
800,2010
2698,2791
590,1779
1470,69
966,2394
2426,833
747,1398
645,144
2132,2312
1237,1425
303,28
603,2475
2268,1279
1732,2244
125,2488
1410,2310
1489,1639
1287,2264
2755,7
806,2451
2973,1315
1422,2153
2901,2236
655,394
1934,2163
189,2468
1648,1778
1107,830
2840,1530
591,1135
1329,2850
917,1179
2353,1966
1325,14
486,106
2553,584
146,1767
2044,1426
2820,2339
1530,2030
2827,1891
2068,726
171,2266
453,2875
335,126
2195,468
125,569
2425,1368
507,1638
111,1027
317,326
1206,1496
73,1138
2758,1826
2537,1990
2673,1069
969,848
953,1061
2123,398
2861,1227
2420,1491
1271,1326
58,1943
656,236
1647,1804
2281,1863
636,1411
331,551
2634,506
48,2759
976,1166
2838,115
2273,2455
1348,265
2667,109
2242,1343
2744,2775
2193,1846
2192,129
1920,2672
2368,2745
117,2570
122,13
670,300
2676,2840
2124,438
1496,1711
1740,1615
841,2206
469,1015
769,789
229,483
1661,2526
582,1738
2170,935
1054,2571
939,365
1977,413
1488,2943
356,2507
1812,2454
2498,1555
1048,718
1597,225
2985,2795
837,2770
1271,1574
2043,1157
929,355
1213,108
633,1771
2250,637
115,2536
2998,1531
1602,699
29,1023
17,1969
2613,1795
491,1677
1770,1783
2624,2786
1783,2899
2453,773
661,2302
470,2436
1693,412
1868,60
1572,1718
2969,1429
256,1321
2597,2985
1926,1468
780,2554
699,1412
1209,1004
1793,627
1404,2786
1701,2566
2678,140
1853,2576
7,1220
2429,126
436,1295
481,317
224,1651
2437,330
109,2298
2309,2151
2032,1315
1311,1758
1665,494
141,2672
2162,305
2105,10
570,181
1767,2383
286,527
1407,2786
2771,2218
1508,406
2469,2826
1326,1533
2980,1560
1244,728
1203,2543
1760,2349
2081,2723
2949,41
2987,1248
696,340
2653,1259
2041,578
2175,837
2904,1445
1507,664
1718,197
2961,1585
2000,1215
59,2215
2370,2601
1733,1504
2882,2692
2935,1283
1217,950
1473,171
1696,172
684,1824
448,1328
1407,1233
1018,2691
32,307
2297,22
2189,2152
2467,2138
1514,2844
1200,729
2582,306
2940,2766
589,2057
2454,160
1292,923
46,952
1837,1858
851,1749
1311,137
1663,1666
2278,1390
263,686
2285,736
939,1477
1934,2676
1311,761
662,513
2261,2743
1097,530
1362,1457
2163,2079
1407,690
1846,1336
1711,862
1304,2762
1910,511
214,475
2954,2213
1741,2179
244,1233
1167,2555
1201,2818
198,2598
921,0
1725,859
1315,1016
183,1179
1740,139
682,468
1645,851
1960,2615
2172,550
2346,980
967,2525
1969,1401
1314,1962
1497,491
147,853
1159,64
2282,2282
21,842
1460,216
1485,2644
2891,2348
205,584
1544,2705
675,2310
1416,887
1362,2662
2660,97
2298,1729
1,379
1872,620
2733,2575
1104,1023
1432,1003
2227,1502
2101,686
1569,470
2580,2730
2713,2934
2296,78
973,2009
62,2442
2501,2340
555,2651
1535,2542
2357,729
1794,469
2541,2650
1718,2132
2154,250
152,493
1134,898
2636,2047
148,1188
2347,523
502,1658
1383,1120
504,1377
782,186
2316,918
2473,1459
2543,2125
788,1506
1158,1745
2795,857
2686,282
797,2446
63,2847
2817,1305
1097,1979
260,2378
951,2345
1077,2586
457,2490
2373,2336
1419,15
2786,2403
2124,2423
2253,1391
1881,1478
73,1243
1702,2022
2498,1973
2558,2504
1888,2162
920,2226
2863,1472
1890,1746
683,2281
294,120
2835,1406
1625,1295
2351,515
1167,1241
245,83
977,1611
1763,262
1052,721
169,2709
2519,58
2782,972
306,1978
99,1858
1867,1654
1875,1141
1504,2127
2108,2631
2018,2590
2731,424
1114,28
474,2666
2643,1363
1240,2663
2195,1399
2300,2613
453,1746
1050,1544
2174,2945
543,2649
643,1660
2373,211
760,1691
2847,1481
1611,882
2268,705
916,2500
2331,2392
1757,2912
823,2467
866,906
2248,1676
1990,2005
172,798
480,987
365,2736
1626,2633
2868,1471
1421,2659
587,1311
2865,1021
2638,214
2674,224
1724,1882
1854,2807
1135,725
2887,1391
1821,2606
797,1832
825,305
160,2086
481,2092
2699,2372
1093,1318
2712,2801
2210,2773
2420,1038
861,2202
2473,2515
408,872
2464,1308
2099,2607
377,1794
2016,1094
166,1775
2841,161
1654,531
612,1643
2532,2806
1470,1069
1672,1646
2481,373
2307,1328
590,678
355,164
5,755
1353,103
1669,1947
508,2278
2071,385
2638,228
983,696
1138,541
1580,382
413,1442
1452,32
2699,1715
2357,1199
648,2656
1076,338
60,398
2042,17
2603,1261
2752,2350
2820,1935
2424,348
2726,629
2142,1909
682,2872
2934,247
1028,139
692,741
428,1614
1942,1307
576,2051
2309,2338
378,2800
2691,1800
476,2416
2169,2737
2099,2250
1006,2622
1054,1185
1313,516
402,1435
1,2317
987,1199
1992,284
2294,239
1376,1632
2816,1306
1052,109
296,812
1588,516
28,1215
1757,951
830,436
1224,736
497,376
417,562
350,1285
473,2827
485,672
2075,680
2319,2925
1423,539
715,2797
541,2175
805,2554
1464,1396
2688,1439
622,202
2717,1194
827,1641
616,1382
591,1889
2503,2752
1592,2463
2300,78
2306,2266
2968,170
1585,2136
314,1718
2770,451
2813,29
2299,1770
1820,54
995,610
2565,1815
2971,2322
750,1887
1009,2735
1506,1707
2707,1094
1757,2558
1482,226
1865,2024
595,131
1452,13
2700,2805
2600,500
932,1251
734,280
1811,386
2938,2378
277,1113
2773,2994
2276,2121
1231,74
880,1448
1911,1403
1892,213
1538,506
1310,544
2140,454
1216,2221
9,1761
1197,701
752,1880
513,547
2612,212
659,1065
208,2351
1710,1347
615,1401
2650,367
143,1867
2587,471
12,231
1989,452
2149,2733
2919,2120
1451,2618
2232,1114
2510,875
1304,922
2488,1100
778,451
685,2889
550,2720
1673,1971
1293,2265
2670,2183
1578,1006
201,1329
2427,2886
495,1191
604,704
1127,988
388,1385
1141,818
361,523
2352,2343
2215,2681
2160,709
2881,1905
957,1083
1448,2431
1575,1306
2280,884
815,2211
248,1108
1864,992
1668,1745
1352,1650
2163,631
0,1432
1788,118
647,2317
2202,2227
1642,2718
1036,2087
2970,1987
2523,506
255,1222
975,2739
1029,1682
2749,460
974,229
1218,1509
392,55
1294,781
1382,782
1936,707
378,2835
2328,2442
2205,2048
2730,1462
959,13
2308,1791
652,1122
271,1685
2142,912
147,647
592,51
1990,2936
2479,658
2045,2126
1060,1182
1586,1286
715,149
2057,2814
1899,501
53,2518
2513,2665
1295,2688
747,2657
1745,833
1657,667
1012,1550
1908,2365
2306,1754
2545,2159
2503,1484
2588,1510
2187,2706
847,1322
83,2330
2040,2704
106,2309
913,1111
931,623
2002,1012
275,2185
1506,221
583,280
2885,1778
1226,440
883,2358
1494,2055
1521,1581
1324,1980
264,1087
673,458
988,1038
711,2716
2407,2928
1087,1082
1281,2320
549,1887
2193,2260
2410,297
1826,1294
2637,2572
1087,1294
81,1148
156,915
117,2036
2461,1611
288,2858
2896,1371
1428,2679
632,2185
1501,1693
1564,2840
673,2714
2108,1793
2788,905
116,1970
253,1347
2405,1715
1016,2111
252,2539
1510,483
1221,34
1369,786
1606,473
1909,69
1367,2439
2333,2563
991,319
67,1180
2843,884
2627,1067
1880,424
1138,2759
2297,1378
2388,562
54,517
1434,886
1778,2940
1039,721
704,2464
332,1192
1297,1604
2806,326
1085,607
2191,2874
1054,493
1686,889
1133,2522
589,2125
905,634
1194,2522
597,165
356,750
722,987
1799,1556
1456,1980
2980,2909
1536,2802
1982,920
112,582
445,1840
1903,2099
1522,485
2713,1276
1970,963
1737,2020
104,724
2041,366
2840,1566
1590,2959
2925,1160
2545,543
847,1437
1415,1494
616,1776
88,2407
2173,2724
2915,1907
1862,2406
756,434
2832,2770
2278,1474
1296,1090
2453,2080
425,1984
2237,2232
2814,1308
1711,1843
2152,1786
555,1072
1268,2296
300,1400
681,2254
2819,2697
1195,2024
901,2590
267,1242
1582,992
2846,1200
400,2572
2541,423
751,2377
2561,1918
2726,373
371,1346
2840,57
959,2067
1441,1419
1325,131
675,1265
2800,978
2721,745
1097,313
339,1359
2782,467
2769,2621
213,1009
627,1124
229,252
1161,740
2841,298
1466,1617
2709,2393
2041,1187
1984,2484
2256,795
2060,1251
1872,2901
1575,2557
2973,508
1518,765
2099,1298
2717,1472
1483,2804
994,1152
1290,723
36,1366
1519,1148
2864,2341
2551,2803
2661,1505
1442,396
2339,2901
1610,1043
1876,153
606,251
40,2122
2924,770
1476,1196
978,734
129,275
2122,2689
604,1462
496,2830
648,1267
864,1138
2493,1356
1279,4
2428,1124
2866,1106
1773,357
839,2917
270,978
2897,241
1924,742
58,1273
1553,780
1303,1087
1751,1772
197,1500
2244,192
387,1603
650,2957
2990,522
2506,162
2951,2157
1636,978
2978,1223
677,1708
785,2345
46,1007
2845,2203
84,2830
2537,1321
2387,967
1238,1104
36,556
163,1458
711,1204
290,786
350,2163
2107,1009
771,1043
1057,2845
36,1609
1274,1614
2928,1551
935,1208
580,1545
1126,142
1963,1676
2067,1706
327,1171
1666,445
321,1616
375,1787
1801,531
1989,2228
235,140
1878,1304
770,1701
656,1409
1604,1970
1971,502
728,1085
21,276
56,2735
1623,2214
1155,168
582,233
2769,1825
1622,55
1792,920
345,2060
1382,2625
1304,2215
2351,2009
1915,2973
14,587
2544,1105
9,1182
2040,2740
2336,1604
2619,677
2502,2357
2370,1179
325,2254
1148,77
1467,2495
2895,2755
742,913
1484,24
2740,1892
936,1752
1754,1072
2378,269
1696,1369
2334,2393
2899,227
2288,1279
2662,2734
2026,357
635,2977
1476,895
1638,2917
364,1433
831,1182
2970,460
2414,1645
1173,2007
1690,2283
384,2480
882,1189
2935,290
1533,1023
2549,2085
418,1855
965,1594
1867,1041
148,257
21,2876
2028,201
733,686
2074,2398
100,2381
223,2229
597,489
2258,2092
201,150
508,1112
1685,1942
2910,1572
907,227
2624,2776
1602,2761
336,1539
2839,1188
805,675
15,80
1176,290
1015,2420
2000,1998
698,765
136,321
2243,2412
36,1500
2585,2246
887,2264
2151,1122
696,292
101,1877
703,370
2986,2355
2105,1830
1903,707
2183,1665
1413,2560
1889,636
2133,2633
2660,2057
1149,2488
2105,2495
2459,1322
334,2839
1954,1722
303,2476
1046,1452
1714,1431
369,2069
1103,341
229,1157
2004,802
2804,1377
2568,2332
1401,2062
2481,2529
1849,2173
2947,803
1365,2986
2647,755
1294,1797
2345,2186
1017,1768
437,1230
963,2164
30,964
2904,2466
356,448
2084,1809
2604,2045
331,1096
934,283
2912,2009
2286,1417
2804,1744
1766,2064
1747,1006
1759,379
2941,2556
938,629
2453,364
2780,2973
292,548
1831,1643
169,1785
2671,1208
834,2033
2864,2063
667,2185
2879,2530
2556,2004
2824,1591
547,1006
877,642
424,494
2525,1189
743,2033
620,1369
316,2698
630,2321
931,706
2502,2800
1523,1797
874,2817
1919,1465
2157,237
2493,1651
698,1361
198,1250
697,1717
2202,2019
1506,1302
1943,2100
1689,134
2182,2173
2131,708
1763,383
1294,722
2968,949
2250,938
313,2921
1933,1610
2937,287
703,1496
2028,480
124,1466
1154,2414
402,622
1368,502
876,1252
1872,289
2554,1537
1995,2667
2814,2890
979,1094
917,2241
1605,2433
244,1490
2791,781
431,2490
2735,1643
1697,1680
1500,292
369,2226
389,775
720,2080
2810,1963
870,2099
2629,448
2157,2019
169,1666
2430,232
734,2589
1595,1410
2740,854
2547,839
1052,1863
891,1178
38,2683
1141,2614
428,882
999,42
1031,578
2284,520
2853,2955
423,2346
497,1366
1607,2898
1208,2582
2476,747
1176,1719
825,646
2764,828
1462,1630
621,342
2085,621
1329,2592
1679,1212
1943,2656
2616,1846
2554,1453
710,1235
504,2317
1214,333
2268,2383
1647,1277
2257,796
811,1248
1945,1659
553,2078
312,1379
2153,1384
1631,2299
990,224
2068,519
2581,1860
2743,2635
1192,2142
85,2364
554,2315
1508,793
577,940
1948,2894
909,2545
2635,2695
1797,2379
933,153
2082,504
1648,981
1104,1065
1621,1770
1023,1252
1356,81
336,1974
2807,1982
512,454
2261,46
1979,1673
571,1051
1856,2531
1493,1610
221,2764
2419,1199
648,2464
2456,1289
2895,1986
655,1354
2275,320
1553,2097
1517,2306
1098,2587
1597,2619
2923,2601
1601,2688
1463,2349
2200,1482
1410,1427
38,922
2154,1710
305,1060
606,2149
2054,2088
1902,1851
2304,2109
349,2108
2750,1708
1272,1059
1846,225
1737,961
932,1798
2242,2770
2129,1788
1792,809
2810,1258
2355,723
1736,1285
2870,1887
1903,728
800,2448
2793,1835
2897,221
2576,1979
2547,2218
2935,2119
996,1462
1121,2089
173,956
2003,2741
2092,360
1030,251
2801,2034
1981,2830
375,2711
421,376
43,2259
2951,19
1075,1352
1538,2778
1813,2040
1943,2690
2823,2024
295,289
145,1598
1613,1388
2652,2468
1304,2804
333,1014
88,825
731,1469
196,2034
1062,1160
1868,2891
1573,1786
1028,1472
2546,1702
362,206
868,681
370,1838
1928,2261
755,2872
2093,1114
2404,2178
2681,316
2364,287
1891,2023
681,655
693,2096
624,297
758,1239
296,2836
83,2124
62,1883
2173,2187
154,2434
1546,450
1214,2990
1246,1769
1171,971
2924,2698
505,982
2233,1313
195,2707
839,2569
2343,1304
496,2631
2405,2291
2798,1989
747,2200
1492,691
1088,579
2391,1983
1386,448
863,1489
413,23
1209,33
2143,1710
1256,1347
152,877
1087,1156
381,2677
1448,2940
1284,1883
2170,26
358,1289
2927,1365
2752,922
1095,910
740,359
1517,2474
1867,1598
2392,574
1619,2477
339,789
2349,2591
1982,251
2742,1595
395,289
663,1382
496,1789
611,361
1529,1104
1580,495
1341,2483
263,1008
651,1068
64,991
201,725
391,2805
2841,721
918,350
2787,205
558,53
2304,2009
1843,1642
1514,1225
2454,2893
566,1361
2890,1037
1957,1113
1768,784
11,324
1414,1889
579,2816
761,1027
2938,590
386,746
2868,1561
1662,913
2330,2136
927,1435
647,2200
286,125
579,595
2764,2549
2692,880
170,1328
610,713
2087,2537
1284,719
1120,1274
2374,795
1223,2372
213,433
326,1932
525,1189
2099,1626
778,465
2728,1999
1237,2026
612,2718
835,2375
1862,1849
1689,2847
1951,203
1691,433
1141,2303
560,1408
1380,2483
125,1168
1253,2838
1925,846
227,2508
6,2086
1325,2010
475,1226
855,1918
306,2542
298,81
1415,908
2930,2329
2046,479
2182,1327
2626,1575
2238,1807
1591,1452
2859,2096
1330,1036
1998,991
562,219
1621,2396
1761,2498
2748,2164
982,49
760,2004
1888,2040
1602,331
213,712
1248,1688
1559,459
860,2965
2120,1314
2926,2458
1956,1877
1933,2152
52,2518
1671,568
104,556
2446,1678
1468,239
1911,199
2939,1185
1263,2193
2084,1109
2665,184
2765,1634
240,1403
1288,1410
2917,796
2054,2809
1763,2103
2860,1494
676,2182
914,2169
1115,174
2431,1144
1339,2201
603,1471
674,1418
1424,2554
1733,334
705,1598
2697,2262
1709,1542
1949,743
2090,536
1931,1729
350,2142
1998,829
532,1010
2064,794
2503,303
2080,2646
2839,1358
202,2640
1574,5
2451,1266
2855,2187
1776,2603
620,923
1645,2960
2593,2725
321,2210
2040,1401
2928,1318
1577,2238
532,188
948,2435
363,243
969,1938
1376,1989
1602,1073
2217,2810
2965,429
2058,2875
2471,2713
1578,1622
2799,1069
2713,1606
2663,1304
2270,12
1348,2699
2509,974
2084,2566
1138,2456
994,1726
1587,36
2102,1810
1766,352
2734,691
1381,1861
650,2667
400,1507
2088,159
209,479
267,206
450,1794
2701,866
635,2151
1323,2376
1110,1462
2500,2429
2318,1501
1566,615
2582,2844
1961,2952
214,1675
2132,257
2009,2055
453,989
1044,1324
736,378
2780,478
1394,2911
1670,1069
554,2795
1904,1793
893,79
83,2606
615,1912
727,2944
2216,1852
2304,2762
243,2478
9,1163
593,2163
120,911
1715,276
2939,1040
1077,2260
945,483
2679,1677
2333,1840
2951,8
478,2476
1124,977
959,1170
1673,2615
1426,1794
2540,181
1669,171
1044,2792
1424,90
2806,2786
2353,297
2881,558
1965,2580
1439,1931
2898,555
568,335
1005,1971
2811,714
2360,1269
2542,2119
2562,1704
725,1763
2625,1837
405,2385
956,1950
338,1043
865,392
1291,1977
1482,1452
2515,1649
1279,2812
1293,1684
2810,1872
1461,2359
1714,2305
734,551
1711,2522
354,2435
2796,2372
715,2333
783,2181
855,1116
267,989
1117,1057
2930,1292
27,2503
1855,2561
1064,2387
2441,2147
1246,1563
2525,291
888,2945
1420,2406
1911,1956
2836,1084
2222,1714
240,1242
161,39
254,1182
33,920
516,2040
682,223
1016,924
693,1611
2857,1433
1829,745
550,1075
2726,1220
2350,607
288,274
28,2848
1724,1155
2915,1676
1957,4
2796,2703
1605,458
1613,247
2363,711
147,2696
380,1467
2355,2554
31,515
288,1003
1895,567
37,2344
2951,384
1789,107
2021,1396
159,838
115,1005
1499,2320
665,359
1642,854
579,861
531,1801
1687,284
875,2030
1474,2716
2662,994
1107,2019
294,1167
2749,258
1967,1374
2363,947
2478,1773
1560,1246
2238,2714
2064,1014
2873,2528
11,423
2864,2146
1327,747
48,1521
305,1339
1319,2720
716,176
967,1684
1400,817
588,2960
2304,660
2904,1019
535,1496
1709,2814
1924,2931
433,1288
107,2109
1615,2347
1133,2706
927,2126
996,1408
791,1495
2520,885
1517,1051
194,2593
2939,87
1230,2354
627,508
1771,1963
2832,2936
476,1285
2220,2323
2554,2409
1173,1676
289,1839
761,2103
466,2988
2232,2749
2114,1161
2275,1531
2221,1373
975,956
1510,1619
1331,1279
539,1972
964,2589
2535,2174
1612,2256
2154,1591
1324,2569
35,2972
2071,2347
1040,1980
1971,994
1671,652
2479,1430
2825,2193
1249,2006
2518,1369
1305,1888
1726,1675
2137,2920
1898,394
2828,267
30,1812
2324,1232
347,2145
1670,1439
95,2144
2405,1080
1360,968
1048,435
824,2264
457,571
360,1258
2393,647
2363,2166
1257,2036
956,2767
461,634
839,2413
1548,1651
585,704
2026,610
2095,177
205,1703
848,90
2992,949
1404,761
1306,1059
2235,1545
2807,2834
1455,2683
977,80
1902,1664
2902,2629
292,695
2586,2996
1236,2748
1860,2740
504,2569
1564,1361
2591,2795
774,2021
2456,2107
1695,1887
1057,1972
2934,589
249,2168
2270,479
2432,1166
99,1656
2511,2192
671,1379
2202,1173
2574,91
355,2155
1590,2595
2237,1465
1600,1455
2537,217
2404,2583
80,809
1114,308
1154,849
1362,2915
758,1735
2181,108
1071,934
782,878
1744,765
1608,1464
463,2632
1523,2380
1453,909
1675,2658
2361,2672
2554,2717
1155,1171
2668,1906
2569,2003
1472,862
1939,2185
881,634
2191,595
2878,2900
821,1901
1157,2618
1491,2154
1426,233
664,998
2739,2628
2196,1171
205,176
2112,990
2546,2149
2771,2693
1164,500
1974,1677
650,219
2540,2407
1131,1678
107,717
1245,2739
1478,878
1407,2811
316,1792
749,436
601,7
1880,2469
2287,1105
2594,1763
2971,204
1071,2633
1339,1587
756,1947
557,1750
478,2470
740,2224
534,2892
32,220
2071,460
606,598
2559,1259
1270,614
1243,1463
1091,638
524,984
2643,2510
1969,391
487,2840
2577,1663
924,1834
629,2132
2358,2502
1041,901
570,569
839,2736
2000,1918
1299,149
1302,1523
2928,1955
1270,1971
739,2037
2681,792
1101,1652
2764,975
581,1773
2615,1779
60,2806
1871,1203
38,1178
1432,2402
1914,921
697,2518
2509,2906
2547,2824
1768,1522
702,2049
1087,658
2479,363
1752,1452
2832,2221
304,2919
2078,1968
2923,549
1656,2619
2844,236
2135,124
2739,545
1288,2230
86,2657
671,2557
1295,275
528,1491
2432,1612
2474,2677
678,2591
2707,470
2620,2735
616,504
2820,2825
2255,2932
1320,65
2123,2953
2139,1693
472,2162
1475,278
43,1687
1296,2423
2238,2739
2113,797
239,185
2386,394
2770,2696
1690,2001
2534,543
2309,1299
2228,1144
1814,2830
1919,1866
2179,1482
2527,1478
1586,174
2964,2685
2288,316
1775,994
2541,610
566,2548
716,909
2760,1266
1016,1817
1482,277
1422,1947
1961,2789
2369,1613
1508,2355
2239,2217
1336,774
2806,2957
257,2109
1081,2962
2787,181
2004,2231
2716,1391
321,2063
2125,1471
923,2677
2228,2933
1249,426
2655,929
1959,2787
618,1566
388,1215
2138,1493
954,1548
837,1623
1515,2187
786,1296
1680,1202
316,1587
2715,1989
615,1845
2502,2395
2119,1393
293,2884
2287,1866
1320,1003
1087,1636
2282,2872
1291,922
2321,2188
1094,1073
2135,1347
558,1577
1234,2472
20,2401
1363,1335
624,2104
2283,2130
1462,2719
388,2374
637,2978
574,482
2806,719
1955,2297
1203,1301
2950,638
2420,1249
428,2787
1146,2824
2325,1579
2678,128
1182,1980
717,357
196,448
1946,487
1909,714
375,2526
2269,2075
1252,2934
1872,2951
1302,1361
2261,14
1317,1079
672,916
2703,1044
352,1032
39,2796
1160,2230
2726,2232
179,1327
83,2938
1505,412
1106,233
777,1005
1837,2430
2419,2070
2036,1331
2962,1351
701,2337
952,2870
893,555
273,2343
421,1932
2724,391
1880,271
2431,2976
1016,2432
1717,2455
1290,860
2875,2873
2988,1147
93,188
2597,521
1411,1368
1633,2626
199,915
1081,277
2602,1085
1165,1102
261,681
2454,2129
1649,2459
2085,2814
599,2536
2870,969
2672,209
806,1994
1559,2151
1385,684
182,625
865,2730
472,219
441,1601
608,2395
1493,1977
1106,909
1160,1050
2100,487
1225,1574
942,2031
1446,2921
734,2124
2756,376
2202,443
1729,2908
886,1085
2278,2236
2864,2711
1307,690
2038,409
2010,1259
840,835
2039,1756
405,1951
682,1524
945,1108
93,1533
1693,2882
1510,1400
246,1204
1140,1401
2286,2719
2298,2988
1555,1103
2864,2276
2173,608
2620,780
1966,404
2073,810
1375,2294
2699,1275
1259,2274
1161,1228
2870,149
392,2911
594,2000
2118,553
1955,2023
753,558
2633,2776
2541,1452
2932,2639
589,409
2677,2429
1329,891
1688,2857
2622,2245
223,1648
1194,2204
111,793
749,1701
452,707
2739,2673
2611,1061
2502,623
2141,1331
865,1104
1734,2031
1166,1692
1599,392
1681,985
923,1050
2811,205
2781,1996
793,1264
1753,643
118,2459
2032,127
405,2872
1704,682
1002,1093
462,2885
2824,1071
1495,705
1890,10
154,1415
956,1533
970,317
615,2401
1410,2783
1609,57
322,181
2452,2570
1350,2288
35,913
2981,2548
917,141
2537,1818
585,2251
817,2263
358,1789
973,985
1033,762
961,1228
1332,1922
2114,1222
222,516
687,68
309,584
2249,408
1596,565
376,1639
857,1466
2979,2584
1444,945
1977,770
1500,2110
1398,1800
590,1394
1765,1100
1989,1970
815,2373
257,1285
1778,843
294,1034
1915,638
337,2176
2208,236
229,2660
2470,1343
1098,2181
2782,1682
348,1045
2368,593
2500,1598
1799,2413
2232,702
1539,968
2859,817
1977,1466
2792,1285
1157,2592
597,2923
1475,2005
2536,2972
1749,1240
2830,691
2894,1433
1490,2192
1993,1984
1127,74
2172,456
1528,74
1418,1378
1221,171
1458,900
2849,1790
1538,1525
1621,1985
2990,1988
227,2945
1498,360
1719,1970
869,1488
1251,837
799,31
249,1571
2111,2279
478,2571
481,1330
2524,2348
2172,1009
1602,907
1940,2063
2019,1420
276,2256
2089,485
370,725
2231,693
1485,599
1851,1426
1478,1010
1372,702
2659,1040
967,563
2550,1589
883,2712
1812,1642
1096,720
777,2573
744,2422
1155,1351
1985,1063
960,209
103,1569
499,693
856,2980
1570,776
1988,1923
869,347
2747,132
1548,562
2251,1547
2950,1273
685,1228
148,1987
802,437
2675,289
651,1407
1476,889
48,2133
1140,1117
1954,46
1039,2784
2496,1380
905,1143
1471,1738
522,2463
857,1130
1631,1407
624,1268
1830,1699
2728,293
854,2922
157,1382
2975,1803
101,982
2614,1678
2205,749
591,1769
263,2237
1424,2362
220,928
1482,1499
1722,1042
2776,1312
1494,2377
807,177
1769,415
880,968
1136,1663
2346,2630
143,2766
865,2842
1978,2936
233,706
2311,2636
1619,185
1357,774
993,170
494,2891
1146,2100
946,817
2494,1230
820,2586
2644,790
2362,2170
1279,2689
1644,64
2780,606
2379,1725
1360,2572
684,2569
1526,790
2602,221
334,820
2903,1778
2555,387
2675,2487
1193,2281
472,2043
319,2
1145,532
1696,248
238,170
2235,1016
1490,2304
232,1717
2256,359
2475,629
1336,2388
4,1221
722,2741
318,2994
2663,109
2056,1307
2753,1328
997,2667
682,1642
1818,2546
2483,2026
1808,1014
2438,1899
2898,94
2320,1589
1666,1348
1350,1257
776,1633
2475,594
310,2918
1563,2153
2122,2323
1834,2711
369,2443
2945,2839
315,171
2131,1014
2501,2002
595,220
696,323
659,899
1266,1277
460,2894
188,250
1091,616
2857,2129
959,933
1743,2265
2232,1163
173,2364
1087,1162
1291,2856
1162,2576
2531,832
139,856
795,926
2089,1673
1198,82
423,2200
2961,26
2119,2306
1024,1125
695,2779
2391,398
218,2162
1652,750
1546,1693
2311,557
728,564
2737,1768
398,988
2722,505
2832,124
1547,255
2479,824
2999,450
2382,2113
2214,1203
158,2429
381,1030
2772,1489
2075,108
2107,2723
1801,2557
2301,2294
401,2437
477,2421
1802,2015
631,1331
1242,948
893,1398
1785,1107
1976,1826
1091,1019
535,560
1630,1582
384,672
65,656
1822,2821
2035,1222
1190,2622
1293,1862
444,2505
555,1080
1040,1084
981,2702
408,418
119,497
1345,1347
950,565
912,378
2105,2650
2354,521
1960,912
1922,2876
1884,1797
2025,41
2056,2441
542,2348
818,1602
1280,1150
1456,1944
1802,2636
1032,864
2634,1081
482,348
1849,321
281,1388
1205,297
2605,5
1806,1406
460,1478
2011,663
163,1919
2259,1488
1939,2509
2936,2258
1733,134
1450,1490
646,2677
1414,1012
1344,1582
873,1064
1239,757
1972,899
419,2531
1930,433
2813,1227
2519,1617
